## Github Seminar
A = c(1:10)
B <- c(11:20)